8000 :"N", number of data point
0 :"mu", drift
0.01 :"sigma", volatility

100
99.9994
100
100.001
100.001
100
99.9999
100
99.997
99.9974
99.999
100.002
99.9991
100.001
100.001
100.002
100
99.9996
100
99.9998
100
100
100
100.002
100
100.002
100.002
100.001
100.002
100.001
100
99.9975
99.995
99.9928
99.9893
99.9889
99.9909
99.9903
99.991
99.9929
99.9941
99.9964
99.9976
99.9948
99.9958
99.9957
99.9958
99.9954
99.9962
99.9956
99.9966
99.9961
99.9974
100.001
100.001
99.9999
100
100
100
100.001
100.001
100.004
100.003
100.005
100.007
100.004
100.002
100.001
100.003
100.001
100.002
100.002
100.003
100.003
100.005
100.004
100.006
100.007
100.009
100.007
100.009
100.008
100.009
100.009
100.008
100.008
100.01
100.01
100.012
100.014
100.014
100.012
100.009
100.009
100.008
100.011
100.009
100.006
100.007
100.009
100.01
100.009
100.007
100.009
100.008
100.008
100.008
100.008
100.009
100.011
100.012
100.013
100.01
100.01
100.009
100.011
100.009
100.012
100.011
100.009
100.01
100.011
100.013
100.012
100.015
100.014
100.013
100.013
100.01
100.009
100.01
100.008
100.01
100.011
100.012
100.012
100.012
100.009
100.007
100.008
100.011
100.012
100.008
100.01
100.009
100.009
100.014
100.016
100.016
100.016
100.016
100.017
100.015
100.013
100.014
100.011
100.01
100.009
100.012
100.013
100.012
100.013
100.013
100.013
100.014
100.013
100.012
100.013
100.014
100.014
100.016
100.021
100.022
100.024
100.023
100.022
100.023
100.024
100.024
100.022
100.021
100.022
100.018
100.019
100.02
100.019
100.02
100.021
100.02
100.02
100.022
100.023
100.023
100.026
100.025
100.024
100.026
100.027
100.027
100.025
100.026
100.027
100.029
100.029
100.029
100.03
100.031
100.03
100.031
100.032
100.031
100.029
100.027
100.029
100.028
100.031
100.029
100.032
100.03
100.029
100.031
100.031
100.033
100.03
100.031
100.028
100.028
100.028
100.03
100.029
100.026
100.026
100.027
100.025
100.027
100.026
100.024
100.024
100.022
100.02
100.02
100.02
100.022
100.022
100.017
100.018
100.021
100.019
100.019
100.022
100.025
100.024
100.023
100.024
100.025
100.027
100.025
100.026
100.026
100.027
100.025
100.026
100.026
100.025
100.026
100.028
100.027
100.026
100.027
100.029
100.029
100.027
100.028
100.027
100.024
100.024
100.025
100.022
100.021
100.022
100.022
100.025
100.023
100.025
100.025
100.024
100.022
100.021
100.019
100.022
100.02
100.018
100.02
100.019
100.017
100.016
100.015
100.017
100.015
100.015
100.015
100.016
100.015
100.013
100.01
100.01
100.011
100.011
100.011
100.011
100.012
100.014
100.01
100.013
100.012
100.014
100.014
100.016
100.016
100.016
100.015
100.016
100.015
100.015
100.014
100.013
100.014
100.014
100.015
100.015
100.011
100.013
100.011
100.015
100.017
100.019
100.018
100.019
100.019
100.017
100.016
100.017
100.015
100.017
100.017
100.017
100.016
100.018
100.019
100.023
100.025
100.025
100.027
100.028
100.028
100.029
100.031
100.031
100.031
100.031
100.033
100.033
100.028
100.029
100.03
100.029
100.029
100.026
100.027
100.025
100.028
100.029
100.029
100.027
100.025
100.024
100.022
100.024
100.024
100.025
100.025
100.024
100.022
100.021
100.024
100.023
100.022
100.022
100.019
100.019
100.021
100.021
100.022
100.023
100.023
100.024
100.023
100.024
100.024
100.023
100.024
100.029
100.028
100.03
100.029
100.028
100.031
100.033
100.032
100.033
100.032
100.033
100.033
100.029
100.032
100.031
100.03
100.031
100.032
100.031
100.033
100.032
100.032
100.029
100.031
100.032
100.031
100.031
100.029
100.031
100.03
100.031
100.032
100.029
100.029
100.029
100.03
100.031
100.029
100.031
100.029
100.029
100.03
100.029
100.029
100.031
100.035
100.039
100.039
100.04
100.042
100.04
100.039
100.04
100.043
100.044
100.045
100.045
100.044
100.044
100.046
100.045
100.044
100.042
100.041
100.038
100.039
100.039
100.039
100.04
100.042
100.041
100.044
100.044
100.043
100.045
100.043
100.044
100.046
100.046
100.047
100.05
100.053
100.055
100.056
100.057
100.055
100.051
100.052
100.05
100.049
100.054
100.056
100.057
100.056
100.057
100.059
100.06
100.057
100.055
100.056
100.057
100.056
100.055
100.052
100.053
100.055
100.054
100.054
100.053
100.052
100.053
100.054
100.056
100.056
100.056
100.056
100.054
100.054
100.056
100.054
100.053
100.055
100.053
100.054
100.053
100.055
100.053
100.053
100.052
100.051
100.052
100.052
100.053
100.054
100.054
100.053
100.055
100.055
100.051
100.052
100.051
100.05
100.052
100.048
100.048
100.048
100.052
100.052
100.053
100.052
100.051
100.053
100.055
100.055
100.054
100.055
100.055
100.054
100.053
100.052
100.054
100.053
100.054
100.052
100.051
100.05
100.049
100.049
100.051
100.052
100.051
100.047
100.047
100.045
100.048
100.047
100.047
100.047
100.05
100.05
100.053
100.056
100.057
100.056
100.056
100.055
100.056
100.057
100.057
100.057
100.059
100.057
100.057
100.055
100.055
100.056
100.054
100.056
100.054
100.053
100.053
100.054
100.054
100.053
100.054
100.055
100.054
100.054
100.053
100.056
100.056
100.057
100.057
100.06
100.062
100.063
100.063
100.064
100.066
100.065
100.065
100.063
100.061
100.061
100.062
100.059
100.059
100.059
100.056
100.053
100.052
100.049
100.048
100.05
100.049
100.052
100.052
100.053
100.052
100.05
100.049
100.051
100.05
100.052
100.051
100.048
100.046
100.049
100.048
100.049
100.051
100.051
100.052
100.053
100.054
100.055
100.055
100.054
100.056
100.056
100.056
100.059
100.06
100.061
100.059
100.059
100.059
100.059
100.062
100.065
100.065
100.065
100.065
100.064
100.063
100.06
100.06
100.06
100.061
100.063
100.065
100.067
100.07
100.07
100.071
100.07
100.07
100.067
100.07
100.069
100.07
100.069
100.067
100.068
100.07
100.068
100.069
100.067
100.067
100.067
100.068
100.066
100.067
100.067
100.069
100.069
100.07
100.069
100.07
100.071
100.07
100.071
100.07
100.071
100.07
100.074
100.077
100.075
100.076
100.076
100.078
100.079
100.08
100.078
100.077
100.079
100.075
100.075
100.074
100.074
100.074
100.074
100.073
100.073
100.076
100.076
100.077
100.075
100.076
100.079
100.077
100.08
100.08
100.076
100.075
100.075
100.075
100.076
100.079
100.078
100.081
100.085
100.085
100.086
100.084
100.084
100.085
100.085
100.084
100.083
100.08
100.078
100.08
100.077
100.079
100.079
100.08
100.082
100.082
100.084
100.086
100.085
100.088
100.088
100.089
100.088
100.089
100.089
100.092
100.09
100.089
100.089
100.088
100.089
100.089
100.091
100.09
100.091
100.094
100.092
100.089
100.088
100.088
100.089
100.092
100.092
100.093
100.094
100.093
100.096
100.097
100.098
100.097
100.098
100.098
100.096
100.095
100.097
100.097
100.097
100.094
100.094
100.093
100.093
100.094
100.095
100.094
100.094
100.096
100.097
100.096
100.095
100.095
100.094
100.096
100.096
100.098
100.096
100.098
100.097
100.1
100.1
100.103
100.1
100.1
100.102
100.102
100.101
100.099
100.098
100.099
100.1
100.1
100.098
100.098
100.097
100.095
100.096
100.095
100.096
100.094
100.096
100.096
100.097
100.095
100.095
100.095
100.096
100.1
100.095
100.097
100.1
100.103
100.099
100.102
100.102
100.103
100.106
100.105
100.104
100.106
100.106
100.106
100.107
100.107
100.105
100.106
100.106
100.106
100.107
100.107
100.106
100.106
100.108
100.11
100.109
100.108
100.108
100.107
100.108
100.108
100.108
100.11
100.112
100.111
100.111
100.111
100.113
100.114
100.11
100.111
100.11
100.112
100.113
100.114
100.114
100.113
100.112
100.11
100.105
100.107
100.11
100.108
100.107
100.109
100.107
100.107
100.108
100.107
100.108
100.107
100.111
100.111
100.11
100.108
100.108
100.107
100.106
100.104
100.106
100.106
100.108
100.106
100.105
100.105
100.105
100.103
100.103
100.101
100.101
100.101
100.102
100.1
100.098
100.101
100.102
100.104
100.103
100.102
100.101
100.098
100.099
100.101
100.102
100.103
100.102
100.102
100.099
100.099
100.099
100.102
100.105
100.109
100.109
100.108
100.11
100.108
100.107
100.106
100.104
100.104
100.106
100.107
100.108
100.107
100.107
100.108
100.111
100.114
100.113
100.111
100.112
100.112
100.112
100.111
100.113
100.113
100.115
100.114
100.113
100.115
100.115
100.116
100.116
100.117
100.116
100.12
100.12
100.121
100.119
100.118
100.12
100.116
100.114
100.114
100.114
100.115
100.114
100.112
100.111
100.113
100.112
100.112
100.114
100.113
100.112
100.11
100.113
100.112
100.112
100.111
100.11
100.109
100.107
100.105
100.106
100.104
100.105
100.104
100.106
100.105
100.106
100.106
100.107
100.107
100.108
100.107
100.107
100.108
100.107
100.108
100.11
100.11
100.108
100.107
100.106
100.106
100.105
100.105
100.105
100.108
100.109
100.109
100.111
100.111
100.112
100.111
100.112
100.11
100.11
100.11
100.112
100.112
100.113
100.11
100.11
100.111
100.11
100.109
100.109
100.107
100.106
100.107
100.109
100.109
100.109
100.11
100.108
100.11
100.11
100.109
100.108
100.108
100.107
100.108
100.107
100.108
100.108
100.107
100.107
100.108
100.107
100.108
100.108
100.107
100.105
100.107
100.103
100.104
100.103
100.102
100.104
100.103
100.103
100.101
100.102
100.102
100.103
100.104
100.105
100.105
100.105
100.105
100.106
100.108
100.107
100.109
100.112
100.111
100.11
100.11
100.111
100.111
100.11
100.112
100.109
100.111
100.108
100.106
100.106
100.106
100.107
100.105
100.106
100.108
100.109
100.11
100.109
100.109
100.11
100.113
100.112
100.113
100.114
100.114
100.113
100.113
100.115
100.115
100.116
100.117
100.117
100.119
100.12
100.119
100.119
100.122
100.121
100.121
100.123
100.121
100.121
100.122
100.124
100.124
100.127
100.127
100.127
100.128
100.125
100.124
100.124
100.124
100.124
100.125
100.127
100.126
100.124
100.124
100.125
100.126
100.125
100.127
100.129
100.131
100.127
100.125
100.12
100.116
100.115
100.116
100.12
100.124
100.127
100.128
100.126
100.128
100.128
100.129
100.13
100.128
100.131
100.131
100.132
100.133
100.133
100.13
100.13
100.13
100.13
100.131
100.131
100.129
100.129
100.128
100.128
100.13
100.129
100.126
100.123
100.125
100.123
100.124
100.124
100.125
100.124
100.123
100.122
100.12
100.119
100.12
100.121
100.12
100.122
100.122
100.122
100.125
100.125
100.125
100.126
100.124
100.124
100.126
100.128
100.126
100.124
100.123
100.124
100.125
100.123
100.123
100.124
100.125
100.127
100.125
100.124
100.12
100.119
100.12
100.123
100.123
100.123
100.122
100.122
100.121
100.121
100.12
100.121
100.119
100.119
100.117
100.118
100.119
100.119
100.122
100.126
100.124
100.123
100.123
100.123
100.123
100.125
100.124
100.125
100.124
100.122
100.12
100.118
100.12
100.119
100.12
100.123
100.126
100.124
100.125
100.121
100.123
100.122
100.119
100.121
100.12
100.118
100.119
100.118
100.117
100.115
100.112
100.109
100.111
100.11
100.11
100.111
100.112
100.111
100.108
100.11
100.111
100.109
100.106
100.104
100.105
100.105
100.104
100.106
100.104
100.104
100.103
100.104
100.103
100.104
100.105
100.104
100.104
100.101
100.102
100.102
100.101
100.1
100.101
100.103
100.103
100.102
100.099
100.099
100.095
100.094
100.094
100.092
100.093
100.092
100.093
100.093
100.09
100.09
100.086
100.085
100.085
100.086
100.084
100.084
100.082
100.081
100.082
100.083
100.085
100.086
100.086
100.086
100.088
100.088
100.088
100.09
100.091
100.094
100.094
100.094
100.098
100.098
100.098
100.096
100.098
100.099
100.099
100.099
100.098
100.097
100.099
100.097
100.097
100.101
100.1
100.1
100.1
100.096
100.096
100.097
100.097
100.099
100.103
100.102
100.103
100.1
100.1
100.101
100.102
100.103
100.102
100.101
100.102
100.1
100.102
100.102
100.102
100.101
100.1
100.099
100.097
100.099
100.099
100.098
100.095
100.094
100.095
100.093
100.093
100.095
100.095
100.095
100.096
100.098
100.099
100.1
100.101
100.101
100.102
100.105
100.104
100.106
100.106
100.106
100.106
100.105
100.106
100.103
100.105
100.101
100.101
100.103
100.105
100.103
100.104
100.104
100.107
100.107
100.106
100.106
100.104
100.104
100.104
100.101
100.098
100.096
100.096
100.097
100.096
100.096
100.099
100.099
100.1
100.102
100.103
100.104
100.106
100.107
100.105
100.105
100.104
100.105
100.105
100.106
100.105
100.104
100.105
100.107
100.108
100.11
100.11
100.111
100.112
100.11
100.112
100.112
100.114
100.113
100.11
100.111
100.113
100.115
100.116
100.117
100.116
100.115
100.117
100.116
100.117
100.119
100.121
100.122
100.122
100.12
100.117
100.117
100.116
100.116
100.118
100.117
100.117
100.119
100.12
100.122
100.125
100.124
100.126
100.125
100.127
100.127
100.129
100.13
100.13
100.13
100.131
100.132
100.133
100.135
100.134
100.135
100.134
100.133
100.135
100.135
100.135
100.136
100.137
100.136
100.137
100.136
100.137
100.135
100.132
100.132
100.134
100.135
100.135
100.136
100.132
100.135
100.132
100.132
100.134
100.135
100.136
100.136
100.135
100.135
100.139
100.139
100.138
100.138
100.138
100.139
100.14
100.14
100.139
100.139
100.138
100.137
100.136
100.136
100.133
100.134
100.133
100.133
100.133
100.135
100.132
100.136
100.136
100.134
100.135
100.138
100.134
100.138
100.135
100.134
100.133
100.132
100.133
100.131
100.132
100.132
100.135
100.138
100.137
100.138
100.139
100.14
100.141
100.14
100.139
100.141
100.145
100.146
100.145
100.147
100.15
100.146
100.145
100.147
100.146
100.146
100.147
100.147
100.146
100.142
100.143
100.143
100.143
100.141
100.14
100.138
100.139
100.14
100.141
100.144
100.142
100.141
100.139
100.138
100.136
100.134
100.134
100.133
100.134
100.132
100.135
100.135
100.136
100.136
100.135
100.133
100.133
100.132
100.13
100.129
100.127
100.13
100.131
100.13
100.129
100.13
100.131
100.132
100.131
100.129
100.13
100.131
100.128
100.13
100.131
100.133
100.136
100.133
100.132
100.132
100.131
100.129
100.132
100.13
100.132
100.131
100.132
100.13
100.127
100.126
100.126
100.124
100.125
100.125
100.128
100.128
100.126
100.129
100.128
100.128
100.124
100.126
100.127
100.126
100.123
100.122
100.124
100.125
100.126
100.125
100.125
100.122
100.123
100.122
100.12
100.121
100.122
100.122
100.12
100.12
100.119
100.118
100.118
100.119
100.119
100.117
100.117
100.116
100.118
100.119
100.118
100.12
100.121
100.123
100.123
100.122
100.122
100.123
100.122
100.119
100.118
100.117
100.12
100.12
100.12
100.119
100.118
100.117
100.118
100.119
100.118
100.119
100.122
100.124
100.125
100.124
100.125
100.124
100.121
100.122
100.122
100.121
100.122
100.122
100.123
100.125
100.123
100.121
100.123
100.123
100.122
100.124
100.123
100.123
100.125
100.125
100.121
100.122
100.119
100.119
100.12
100.119
100.117
100.114
100.113
100.114
100.114
100.113
100.113
100.114
100.117
100.117
100.118
100.119
100.119
100.117
100.118
100.12
100.12
100.119
100.12
100.119
100.119
100.12
100.12
100.123
100.121
100.12
100.12
100.123
100.125
100.126
100.126
100.126
100.129
100.126
100.124
100.125
100.127
100.125
100.122
100.121
100.121
100.116
100.116
100.115
100.116
100.118
100.117
100.114
100.114
100.114
100.116
100.114
100.113
100.112
100.113
100.113
100.112
100.11
100.11
100.11
100.11
100.111
100.112
100.11
100.112
100.11
100.108
100.109
100.111
100.11
100.116
100.115
100.117
100.116
100.115
100.116
100.116
100.119
100.118
100.119
100.118
100.117
100.117
100.114
100.115
100.117
100.117
100.118
100.119
100.119
100.116
100.119
100.118
100.119
100.119
100.119
100.12
100.119
100.118
100.119
100.119
100.122
100.122
100.122
100.12
100.119
100.117
100.117
100.118
100.12
100.12
100.119
100.118
100.115
100.114
100.114
100.113
100.111
100.108
100.109
100.107
100.107
100.109
100.11
100.11
100.109
100.11
100.113
100.112
100.112
100.113
100.112
100.113
100.112
100.107
100.107
100.104
100.106
100.103
100.103
100.1
100.101
100.1
100.1
100.1
100.101
100.101
100.1
100.099
100.099
100.098
100.098
100.096
100.096
100.093
100.093
100.097
100.098
100.1
100.1
100.104
100.104
100.105
100.103
100.104
100.107
100.105
100.103
100.103
100.102
100.101
100.102
100.103
100.104
100.101
100.1
100.102
100.103
100.105
100.106
100.105
100.106
100.106
100.106
100.109
100.112
100.111
100.11
100.111
100.111
100.112
100.113
100.112
100.112
100.112
100.109
100.114
100.111
100.112
100.115
100.116
100.115
100.113
100.111
100.106
100.106
100.106
100.107
100.104
100.101
100.102
100.102
100.101
100.101
100.101
100.098
100.1
100.101
100.105
100.106
100.106
100.105
100.101
100.101
100.104
100.106
100.104
100.105
100.106
100.105
100.107
100.11
100.108
100.108
100.108
100.107
100.103
100.106
100.107
100.108
100.109
100.11
100.11
100.112
100.109
100.11
100.107
100.108
100.11
100.108
100.109
100.106
100.106
100.105
100.107
100.109
100.11
100.112
100.111
100.11
100.11
100.11
100.113
100.114
100.114
100.117
100.113
100.113
100.113
100.112
100.112
100.115
100.114
100.113
100.112
100.111
100.112
100.113
100.112
100.11
100.11
100.109
100.109
100.109
100.109
100.108
100.106
100.11
100.111
100.11
100.108
100.108
100.108
100.11
100.11
100.11
100.112
100.113
100.111
100.112
100.111
100.109
100.11
100.112
100.113
100.11
100.106
100.106
100.104
100.105
100.102
100.102
100.102
100.104
100.105
100.105
100.106
100.105
100.107
100.105
100.104
100.102
100.097
100.096
100.093
100.094
100.094
100.096
100.1
100.103
100.103
100.103
100.101
100.1
100.099
100.099
100.097
100.098
100.095
100.095
100.097
100.096
100.097
100.098
100.097
100.097
100.097
100.098
100.101
100.098
100.096
100.097
100.097
100.1
100.1
100.1
100.1
100.101
100.1
100.101
100.102
100.101
100.1
100.098
100.102
100.101
100.1
100.101
100.102
100.102
100.102
100.101
100.1
100.099
100.097
100.097
100.092
100.092
100.089
100.093
100.093
100.095
100.094
100.094
100.094
100.095
100.096
100.098
100.098
100.098
100.097
100.101
100.1
100.1
100.103
100.105
100.107
100.11
100.107
100.108
100.105
100.105
100.101
100.104
100.108
100.11
100.112
100.112
100.113
100.113
100.113
100.113
100.114
100.115
100.116
100.116
100.116
100.118
100.12
100.119
100.122
100.123
100.124
100.121
100.119
100.118
100.12
100.119
100.12
100.121
100.122
100.124
100.124
100.123
100.123
100.123
100.124
100.124
100.125
100.126
100.126
100.125
100.127
100.128
100.131
100.131
100.13
100.127
100.13
100.132
100.133
100.133
100.132
100.135
100.134
100.132
100.133
100.133
100.133
100.13
100.129
100.13
100.132
100.131
100.129
100.132
100.13
100.133
100.133
100.132
100.13
100.127
100.126
100.126
100.128
100.128
100.128
100.126
100.122
100.122
100.125
100.122
100.119
100.122
100.12
100.117
100.117
100.117
100.116
100.114
100.115
100.116
100.117
100.118
100.117
100.116
100.115
100.113
100.114
100.114
100.115
100.114
100.112
100.111
100.112
100.112
100.11
100.11
100.11
100.11
100.108
100.106
100.103
100.1
100.095
100.096
100.094
100.091
100.091
100.09
100.09
100.09
100.089
100.088
100.088
100.09
100.088
100.089
100.088
100.086
100.087
100.088
100.089
100.088
100.088
100.088
100.089
100.088
100.088
100.087
100.088
100.089
100.087
100.087
100.09
100.09
100.09
100.088
100.087
100.085
100.084
100.084
100.085
100.088
100.088
100.09
100.09
100.091
100.09
100.091
100.09
100.089
100.09
100.087
100.089
100.088
100.086
100.085
100.087
100.085
100.086
100.09
100.09
100.093
100.096
100.095
100.094
100.092
100.094
100.09
100.09
100.087
100.083
100.083
100.087
100.088
100.087
100.086
100.085
100.08
100.079
100.08
100.081
100.081
100.082
100.081
100.082
100.084
100.084
100.086
100.087
100.088
100.089
100.088
100.092
100.093
100.092
100.091
100.092
100.093
100.094
100.094
100.096
100.095
100.093
100.092
100.092
100.093
100.095
100.096
100.096
100.095
100.095
100.094
100.092
100.092
100.092
100.093
100.096
100.095
100.097
100.096
100.096
100.096
100.093
100.093
100.093
100.095
100.092
100.094
100.095
100.094
100.094
100.095
100.093
100.093
100.092
100.091
100.089
100.089
100.087
100.085
100.084
100.085
100.083
100.083
100.08
100.083
100.081
100.082
100.08
100.081
100.078
100.078
100.079
100.077
100.078
100.08
100.082
100.083
100.085
100.086
100.087
100.09
100.093
100.093
100.092
100.093
100.092
100.09
100.09
100.09
100.09
100.094
100.095
100.096
100.098
100.097
100.098
100.095
100.098
100.099
100.096
100.095
100.095
100.097
100.098
100.099
100.099
100.096
100.095
100.091
100.091
100.093
100.091
100.093
100.093
100.093
100.092
100.093
100.094
100.092
100.092
100.09
100.089
100.088
100.089
100.088
100.086
100.087
100.083
100.082
100.083
100.082
100.083
100.083
100.083
100.084
100.087
100.088
100.089
100.086
100.086
100.087
100.092
100.09
100.094
100.095
100.094
100.094
100.095
100.094
100.095
100.096
100.094
100.093
100.092
100.093
100.095
100.096
100.097
100.097
100.098
100.102
100.1
100.098
100.099
100.099
100.098
100.1
100.102
100.1
100.098
100.096
100.096
100.095
100.094
100.093
100.096
100.097
100.097
100.097
100.095
100.096
100.096
100.096
100.094
100.096
100.092
100.091
100.086
100.083
100.081
100.082
100.081
100.081
100.078
100.081
100.081
100.081
100.083
100.081
100.083
100.082
100.08
100.08
100.08
100.078
100.078
100.077
100.078
100.079
100.076
100.078
100.078
100.08
100.079
100.078
100.077
100.075
100.077
100.076
100.073
100.071
100.068
100.069
100.069
100.071
100.069
100.069
100.067
100.065
100.07
100.071
100.069
100.068
100.067
100.071
100.072
100.071
100.071
100.071
100.07
100.071
100.071
100.072
100.075
100.073
100.074
100.074
100.076
100.077
100.076
100.074
100.071
100.07
100.071
100.073
100.074
100.076
100.075
100.078
100.078
100.078
100.079
100.082
100.083
100.082
100.082
100.082
100.083
100.084
100.085
100.083
100.084
100.084
100.086
100.087
100.087
100.087
100.09
100.092
100.095
100.096
100.096
100.097
100.098
100.098
100.099
100.095
100.094
100.092
100.093
100.094
100.095
100.098
100.098
100.098
100.098
100.098
100.099
100.1
100.102
100.1
100.099
100.101
100.101
100.1
100.098
100.099
100.1
100.1
100.097
100.097
100.099
100.099
100.097
100.096
100.096
100.097
100.097
100.097
100.096
100.096
100.097
100.097
100.098
100.097
100.099
100.099
100.102
100.101
100.102
100.101
100.102
100.103
100.102
100.102
100.101
100.101
100.102
100.1
100.099
100.099
100.102
100.103
100.104
100.105
100.106
100.106
100.105
100.107
100.109
100.109
100.11
100.112
100.114
100.115
100.115
100.117
100.116
100.121
100.119
100.118
100.118
100.116
100.117
100.118
100.119
100.118
100.122
100.124
100.122
100.122
100.123
100.124
100.127
100.128
100.127
100.129
100.13
100.134
100.135
100.133
100.136
100.137
100.141
100.14
100.139
100.14
100.14
100.14
100.142
100.138
100.138
100.139
100.139
100.14
100.136
100.139
100.138
100.137
100.135
100.134
100.134
100.131
100.131
100.131
100.133
100.132
100.131
100.131
100.127
100.127
100.128
100.128
100.126
100.127
100.127
100.127
100.127
100.128
100.128
100.128
100.129
100.131
100.13
100.131
100.132
100.133
100.132
100.13
100.128
100.129
100.13
100.13
100.126
100.126
100.124
100.126
100.126
100.126
100.129
100.13
100.129
100.127
100.126
100.129
100.128
100.13
100.131
100.127
100.129
100.131
100.131
100.129
100.13
100.132
100.13
100.13
100.132
100.13
100.129
100.13
100.132
100.13
100.13
100.13
100.126
100.127
100.126
100.126
100.126
100.127
100.128
100.126
100.127
100.128
100.129
100.131
100.13
100.134
100.134
100.135
100.133
100.135
100.133
100.133
100.135
100.136
100.137
100.138
100.137
100.135
100.133
100.131
100.132
100.135
100.134
100.131
100.132
100.131
100.132
100.133
100.131
100.131
100.132
100.129
100.132
100.133
100.133
100.137
100.138
100.138
100.14
100.138
100.137
100.137
100.136
100.133
100.133
100.131
100.129
100.127
100.129
100.126
100.125
100.126
100.128
100.129
100.129
100.127
100.129
100.133
100.131
100.13
100.131
100.133
100.134
100.134
100.135
100.136
100.134
100.135
100.134
100.135
100.135
100.134
100.133
100.136
100.136
100.135
100.135
100.135
100.135
100.134
100.132
100.131
100.131
100.13
100.129
100.129
100.13
100.132
100.133
100.131
100.131
100.131
100.128
100.128
100.127
100.126
100.124
100.125
100.12
100.123
100.123
100.122
100.121
100.122
100.124
100.123
100.122
100.122
100.121
100.116
100.117
100.12
100.119
100.122
100.123
100.122
100.12
100.122
100.122
100.124
100.125
100.127
100.131
100.133
100.133
100.132
100.133
100.133
100.132
100.132
100.13
100.131
100.134
100.132
100.136
100.138
100.139
100.14
100.138
100.139
100.144
100.147
100.149
100.152
100.149
100.148
100.15
100.15
100.151
100.153
100.152
100.15
100.151
100.154
100.155
100.154
100.154
100.154
100.153
100.153
100.151
100.149
100.149
100.151
100.149
100.148
100.148
100.15
100.146
100.144
100.145
100.146
100.148
100.146
100.145
100.147
100.148
100.146
100.144
100.143
100.14
100.138
100.14
100.142
100.144
100.143
100.144
100.144
100.143
100.144
100.145
100.147
100.148
100.148
100.152
100.149
100.152
100.15
100.15
100.149
100.152
100.152
100.153
100.152
100.151
100.15
100.151
100.152
100.154
100.156
100.159
100.158
100.159
100.159
100.161
100.159
100.16
100.157
100.156
100.155
100.157
100.158
100.158
100.16
100.157
100.159
100.159
100.161
100.163
100.163
100.161
100.16
100.158
100.159
100.158
100.158
100.16
100.163
100.167
100.169
100.169
100.17
100.168
100.168
100.166
100.167
100.172
100.169
100.17
100.173
100.174
100.171
100.17
100.169
100.169
100.172
100.172
100.173
100.171
100.169
100.17
100.17
100.168
100.165
100.164
100.166
100.168
100.168
100.165
100.165
100.164
100.164
100.161
100.159
100.16
100.161
100.161
100.165
100.164
100.162
100.163
100.16
100.161
100.161
100.162
100.163
100.164
100.162
100.164
100.166
100.167
100.166
100.167
100.168
100.167
100.167
100.166
100.166
100.166
100.165
100.165
100.168
100.165
100.165
100.164
100.164
100.166
100.165
100.167
100.165
100.164
100.165
100.167
100.167
100.166
100.168
100.166
100.165
100.165
100.165
100.165
100.166
100.167
100.164
100.166
100.166
100.165
100.161
100.162
100.163
100.164
100.167
100.17
100.171
100.173
100.173
100.174
100.175
100.176
100.175
100.176
100.176
100.174
100.174
100.174
100.172
100.17
100.172
100.171
100.17
100.169
100.17
100.17
100.17
100.17
100.171
100.169
100.17
100.17
100.169
100.169
100.167
100.167
100.167
100.166
100.167
100.169
100.169
100.168
100.171
100.171
100.171
100.171
100.173
100.176
100.178
100.18
100.179
100.178
100.179
100.181
100.184
100.183
100.185
100.187
100.188
100.191
100.195
100.198
100.198
100.199
100.202
100.204
100.202
100.203
100.204
100.201
100.199
100.198
100.199
100.202
100.204
100.201
100.199
100.2
100.199
100.197
100.196
100.196
100.199
100.196
100.195
100.197
100.196
100.195
100.196
100.196
100.197
100.198
100.197
100.199
100.201
100.202
100.204
100.204
100.204
100.204
100.202
100.204
100.203
100.202
100.205
100.205
100.204
100.205
100.202
100.204
100.206
100.206
100.207
100.209
100.212
100.21
100.21
100.212
100.212
100.212
100.211
100.215
100.216
100.215
100.216
100.217
100.218
100.218
100.222
100.223
100.223
100.224
100.222
100.222
100.222
100.222
100.22
100.222
100.222
100.222
100.222
100.223
100.22
100.221
100.219
100.218
100.219
100.218
100.216
100.216
100.216
100.216
100.218
100.218
100.216
100.216
100.215
100.215
100.214
100.214
100.211
100.209
100.211
100.211
100.211
100.21
100.212
100.211
100.212
100.212
100.21
100.211
100.211
100.209
100.207
100.213
100.214
100.215
100.216
100.213
100.212
100.214
100.213
100.212
100.212
100.21
100.208
100.207
100.204
100.204
100.203
100.203
100.203
100.202
100.202
100.204
100.204
100.204
100.207
100.206
100.206
100.204
100.204
100.206
100.206
100.205
100.209
100.208
100.208
100.211
100.208
100.209
100.213
100.211
100.214
100.215
100.212
100.214
100.213
100.216
100.218
100.219
100.219
100.22
100.217
100.219
100.219
100.221
100.221
100.224
100.223
100.222
100.221
100.22
100.22
100.222
100.219
100.219
100.22
100.216
100.22
100.222
100.223
100.226
100.23
100.228
100.228
100.229
100.229
100.229
100.227
100.225
100.223
100.226
100.223
100.226
100.223
100.225
100.225
100.225
100.225
100.227
100.228
100.229
100.229
100.229
100.231
100.23
100.233
100.237
100.24
100.24
100.241
100.243
100.242
100.243
100.242
100.243
100.246
100.247
100.247
100.247
100.247
100.248
100.25
100.25
100.249
100.247
100.247
100.245
100.245
100.244
100.246
100.244
100.244
100.245
100.247
100.249
100.249
100.248
100.248
100.247
100.248
100.247
100.246
100.247
100.246
100.243
100.244
100.243
100.241
100.242
100.243
100.241
100.239
100.24
100.241
100.242
100.239
100.241
100.241
100.241
100.241
100.24
100.24
100.24
100.24
100.238
100.238
100.239
100.239
100.239
100.241
100.24
100.237
100.24
100.239
100.241
100.24
100.241
100.243
100.245
100.246
100.247
100.246
100.246
100.249
100.246
100.245
100.246
100.249
100.245
100.246
100.244
100.246
100.246
100.246
100.245
100.243
100.24
100.239
100.238
100.238
100.238
100.236
100.236
100.238
100.24
100.242
100.243
100.24
100.239
100.238
100.237
100.238
100.238
100.236
100.234
100.233
100.23
100.23
100.23
100.229
100.23
100.228
100.229
100.231
100.231
100.227
100.222
100.223
100.224
100.223
100.223
100.225
100.227
100.226
100.226
100.225
100.222
100.222
100.221
100.22
100.219
100.221
100.218
100.217
100.215
100.214
100.213
100.214
100.212
100.212
100.213
100.211
100.213
100.213
100.215
100.212
100.214
100.215
100.215
100.215
100.216
100.218
100.217
100.218
100.217
100.22
100.216
100.214
100.216
100.216
100.216
100.217
100.214
100.215
100.219
100.22
100.22
100.221
100.222
100.22
100.223
100.224
100.222
100.222
100.223
100.222
100.222
100.226
100.227
100.226
100.225
100.224
100.23
100.228
100.226
100.225
100.22
100.221
100.222
100.22
100.218
100.217
100.217
100.219
100.22
100.22
100.22
100.219
100.218
100.219
100.219
100.217
100.216
100.218
100.218
100.217
100.217
100.221
100.223
100.223
100.224
100.221
100.221
100.221
100.219
100.221
100.222
100.223
100.221
100.22
100.221
100.224
100.224
100.225
100.226
100.226
100.225
100.222
100.223
100.224
100.222
100.225
100.224
100.224
100.223
100.222
100.223
100.227
100.231
100.233
100.234
100.236
100.236
100.237
100.235
100.235
100.232
100.231
100.228
100.229
100.228
100.228
100.228
100.23
100.227
100.226
100.226
100.226
100.225
100.225
100.225
100.225
100.224
100.226
100.226
100.225
100.225
100.226
100.226
100.226
100.229
100.229
100.23
100.228
100.229
100.228
100.228
100.226
100.226
100.225
100.224
100.224
100.223
100.226
100.226
100.227
100.228
100.227
100.225
100.224
100.227
100.226
100.227
100.228
100.227
100.227
100.227
100.225
100.226
100.227
100.225
100.224
100.226
100.223
100.221
100.22
100.218
100.218
100.219
100.217
100.219
100.219
100.22
100.219
100.22
100.222
100.223
100.221
100.218
100.219
100.217
100.216
100.215
100.216
100.218
100.22
100.22
100.219
100.219
100.218
100.217
100.216
100.215
100.215
100.214
100.218
100.219
100.219
100.222
100.223
100.222
100.223
100.222
100.22
100.223
100.224
100.224
100.224
100.224
100.223
100.224
100.221
100.22
100.222
100.227
100.227
100.227
100.23
100.229
100.226
100.228
100.227
100.226
100.228
100.227
100.226
100.223
100.223
100.228
100.229
100.229
100.231
100.23
100.23
100.231
100.23
100.23
100.23
100.232
100.233
100.234
100.23
100.23
100.231
100.232
100.232
100.233
100.233
100.234
100.235
100.236
100.235
100.233
100.232
100.231
100.229
100.225
100.223
100.222
100.223
100.222
100.223
100.224
100.223
100.219
100.219
100.22
100.221
100.225
100.222
100.226
100.226
100.228
100.23
100.23
100.229
100.23
100.231
100.23
100.231
100.234
100.234
100.231
100.23
100.229
100.229
100.229
100.231
100.233
100.232
100.233
100.231
100.232
100.233
100.231
100.232
100.232
100.233
100.233
100.232
100.231
100.231
100.233
100.234
100.232
100.232
100.231
100.234
100.231
100.231
100.233
100.234
100.233
100.233
100.231
100.231
100.233
100.232
100.234
100.236
100.235
100.235
100.238
100.241
100.24
100.242
100.244
100.244
100.243
100.245
100.246
100.249
100.251
100.253
100.252
100.253
100.252
100.251
100.251
100.249
100.248
100.25
100.251
100.249
100.249
100.25
100.253
100.255
100.255
100.258
100.254
100.254
100.253
100.253
100.256
100.257
100.259
100.262
100.263
100.265
100.264
100.266
100.265
100.268
100.268
100.269
100.271
100.273
100.275
100.274
100.275
100.277
100.277
100.276
100.274
100.275
100.276
100.277
100.276
100.279
100.278
100.278
100.279
100.281
100.279
100.28
100.28
100.279
100.28
100.282
100.284
100.285
100.284
100.284
100.286
100.286
100.283
100.285
100.284
100.282
100.28
100.28
100.281
100.279
100.279
100.282
100.282
100.283
100.285
100.285
100.286
100.286
100.289
100.291
100.291
100.292
100.294
100.296
100.299
100.295
100.294
100.292
100.293
100.293
100.292
100.292
100.292
100.287
100.286
100.286
100.289
100.29
100.29
100.291
100.293
100.293
100.295
100.294
100.293
100.292
100.295
100.293
100.294
100.292
100.291
100.288
100.287
100.287
100.284
100.283
100.283
100.286
100.287
100.285
100.284
100.283
100.284
100.284
100.282
100.287
100.285
100.284
100.286
100.286
100.287
100.285
100.283
100.28
100.277
100.277
100.278
100.28
100.276
100.276
100.274
100.274
100.276
100.275
100.272
100.269
100.271
100.273
100.273
100.274
100.276
100.276
100.276
100.275
100.276
100.276
100.275
100.277
100.277
100.279
100.278
100.276
100.277
100.277
100.276
100.277
100.273
100.272
100.271
100.274
100.274
100.271
100.271
100.274
100.272
100.272
100.269
100.27
100.272
100.275
100.276
100.273
100.275
100.274
100.274
100.273
100.273
100.276
100.276
100.278
100.278
100.282
100.279
100.279
100.279
100.278
100.278
100.275
100.275
100.271
100.271
100.273
100.273
100.273
100.272
100.268
100.27
100.272
100.272
100.272
100.274
100.271
100.271
100.271
100.27
100.268
100.269
100.271
100.269
100.27
100.271
100.272
100.272
100.269
100.268
100.27
100.269
100.27
100.271
100.271
100.271
100.274
100.275
100.275
100.274
100.271
100.275
100.273
100.27
100.27
100.273
100.272
100.272
100.271
100.273
100.275
100.274
100.275
100.278
100.279
100.278
100.278
100.276
100.274
100.274
100.276
100.275
100.273
100.274
100.276
100.278
100.279
100.275
100.275
100.278
100.275
100.275
100.278
100.276
100.277
100.281
100.279
100.281
100.284
100.282
100.278
100.278
100.276
100.276
100.277
100.277
100.28
100.282
100.282
100.28
100.278
100.279
100.28
100.28
100.275
100.277
100.277
100.276
100.277
100.278
100.278
100.277
100.275
100.274
100.274
100.274
100.272
100.27
100.272
100.271
100.272
100.274
100.274
100.273
100.273
100.273
100.273
100.274
100.274
100.276
100.275
100.275
100.274
100.275
100.276
100.277
100.275
100.276
100.274
100.275
100.277
100.278
100.275
100.274
100.279
100.276
100.276
100.279
100.278
100.28
100.277
100.278
100.274
100.273
100.274
100.274
100.274
100.273
100.275
100.275
100.274
100.273
100.273
100.274
100.274
100.274
100.277
100.277
100.279
100.277
100.276
100.277
100.279
100.278
100.279
100.279
100.28
100.283
100.282
100.281
100.281
100.281
100.281
100.283
100.285
100.284
100.285
100.285
100.284
100.285
100.286
100.287
100.286
100.285
100.287
100.286
100.282
100.282
100.281
100.282
100.281
100.28
100.279
100.275
100.275
100.275
100.277
100.274
100.276
100.275
100.276
100.275
100.277
100.276
100.274
100.274
100.272
100.273
100.274
100.274
100.273
100.272
100.272
100.272
100.272
100.271
100.269
100.269
100.272
100.274
100.275
100.276
100.278
100.277
100.28
100.279
100.28
100.281
100.282
100.281
100.284
100.285
100.284
100.284
100.284
100.285
100.282
100.282
100.28
100.278
100.281
100.282
100.284
100.285
100.285
100.283
100.283
100.288
100.289
100.288
100.286
100.286
100.288
100.285
100.285
100.282
100.282
100.28
100.278
100.275
100.275
100.275
100.278
100.275
100.273
100.273
100.269
100.271
100.27
100.269
100.269
100.269
100.268
100.27
100.269
100.269
100.269
100.271
100.269
100.268
100.268
100.269
100.267
100.267
100.268
100.27
100.271
100.272
100.275
100.274
100.275
100.275
100.275
100.271
100.268
100.267
100.27
100.271
100.272
100.271
100.272
100.271
100.275
100.272
100.272
100.271
100.272
100.274
100.276
100.28
100.28
100.28
100.282
100.282
100.281
100.282
100.277
100.276
100.275
100.274
100.274
100.277
100.277
100.278
100.279
100.278
100.277
100.281
100.283
100.283
100.284
100.284
100.284
100.286
100.284
100.284
100.283
100.284
100.283
100.28
100.281
100.282
100.281
100.28
100.28
100.28
100.28
100.28
100.281
100.281
100.281
100.28
100.282
100.284
100.281
100.279
100.28
100.279
100.279
100.278
100.277
100.281
100.277
100.279
100.277
100.275
100.277
100.277
100.275
100.276
100.276
100.276
100.276
100.275
100.277
100.275
100.276
100.278
100.276
100.276
100.274
100.273
100.274
100.275
100.276
100.276
100.274
100.272
100.273
100.273
100.273
100.273
100.274
100.271
100.269
100.272
100.271
100.271
100.272
100.271
100.272
100.271
100.272
100.271
100.272
100.273
100.271
100.269
100.266
100.265
100.267
100.267
100.269
100.268
100.269
100.27
100.27
100.271
100.269
100.268
100.266
100.265
100.262
100.265
100.268
100.265
100.268
100.267
100.264
100.264
100.264
100.263
100.264
100.262
100.265
100.265
100.266
100.27
100.27
100.268
100.268
100.268
100.266
100.265
100.266
100.269
100.27
100.273
100.271
100.271
100.271
100.27
100.269
100.272
100.27
100.27
100.271
100.269
100.269
100.272
100.271
100.273
100.274
100.273
100.272
100.274
100.272
100.272
100.272
100.273
100.274
100.274
100.271
100.269
100.269
100.268
100.267
100.265
100.264
100.266
100.264
100.264
100.265
100.266
100.265
100.268
100.268
100.269
100.267
100.267
100.268
100.268
100.269
100.268
100.269
100.269
100.27
100.269
100.27
100.267
100.267
100.269
100.271
100.272
100.273
100.274
100.274
100.273
100.273
100.274
100.273
100.274
100.276
100.274
100.271
100.271
100.272
100.272
100.27
100.269
100.269
100.267
100.266
100.264
100.263
100.267
100.267
100.268
100.267
100.265
100.266
100.27
100.266
100.269
100.269
100.273
100.272
100.272
100.273
100.273
100.273
100.276
100.279
100.282
100.283
100.287
100.285
100.285
100.284
100.282
100.279
100.278
100.275
100.281
100.279
100.279
100.281
100.281
100.281
100.283
100.285
100.286
100.285
100.287
100.285
100.284
100.285
100.284
100.283
100.286
100.287
100.287
100.287
100.287
100.288
100.288
100.289
100.293
100.291
100.292
100.294
100.296
100.296
100.293
100.296
100.295
100.293
100.294
100.296
100.297
100.3
100.3
100.301
100.301
100.302
100.303
100.303
100.303
100.303
100.301
100.302
100.302
100.301
100.301
100.301
100.303
100.302
100.301
100.303
100.302
100.301
100.301
100.303
100.305
100.304
100.306
100.309
100.306
100.306
100.307
100.307
100.306
100.307
100.306
100.305
100.302
100.302
100.3
100.301
100.302
100.304
100.303
100.3
100.299
100.3
100.301
100.301
100.303
100.303
100.307
100.303
100.305
100.307
100.308
100.309
100.308
100.308
100.306
100.304
100.303
100.304
100.305
100.304
100.306
100.307
100.304
100.303
100.304
100.3
100.301
100.3
100.299
100.299
100.3
100.302
100.303
100.302
100.302
100.302
100.298
100.297
100.295
100.296
100.297
100.296
100.298
100.299
100.3
100.3
100.301
100.301
100.301
100.301
100.3
100.298
100.296
100.297
100.299
100.299
100.299
100.3
100.303
100.304
100.303
100.301
100.302
100.304
100.303
100.303
100.302
100.299
100.299
100.299
100.297
100.295
100.295
100.293
100.291
100.29
100.289
100.287
100.287
100.287
100.288
100.284
100.283
100.286
100.288
100.287
100.29
100.288
100.289
100.289
100.292
100.292
100.292
100.291
100.291
100.293
100.292
100.292
100.289
100.292
100.291
100.294
100.295
100.296
100.297
100.298
100.296
100.297
100.299
100.3
100.302
100.302
100.302
100.305
100.307
100.306
100.304
100.301
100.301
100.301
100.298
100.297
100.299
100.299
100.296
100.298
100.298
100.298
100.301
100.297
100.298
100.298
100.299
100.299
100.296
100.295
100.294
100.295
100.296
100.295
100.295
100.295
100.295
100.295
100.293
100.293
100.291
100.292
100.292
100.29
100.29
100.289
100.292
100.294
100.294
100.299
100.298
100.297
100.296
100.296
100.296
100.296
100.297
100.296
100.294
100.296
100.294
100.293
100.293
100.291
100.293
100.296
100.297
100.3
100.298
100.297
100.298
100.298
100.298
100.297
100.295
100.295
100.294
100.291
100.291
100.292
100.294
100.296
100.295
100.294
100.296
100.295
100.294
100.293
100.295
100.295
100.293
100.293
100.295
100.296
100.294
100.295
100.293
100.293
100.293
100.298
100.297
100.294
100.293
100.296
100.297
100.296
100.298
100.297
100.299
100.297
100.298
100.3
100.302
100.3
100.302
100.302
100.302
100.304
100.305
100.306
100.309
100.31
100.313
100.312
100.31
100.312
100.308
100.307
100.307
100.307
100.306
100.306
100.304
100.303
100.304
100.305
100.309
100.309
100.313
100.311
100.31
100.307
100.306
100.307
100.309
100.309
100.312
100.312
100.313
100.312
100.314
100.313
100.312
100.313
100.311
100.311
100.311
100.31
100.311
100.311
100.312
100.312
100.311
100.309
100.308
100.31
100.31
100.308
100.309
100.308
100.309
100.309
100.309
100.308
100.311
100.311
100.308
100.309
100.31
100.313
100.31
100.31
100.313
100.314
100.315
100.314
100.314
100.313
100.314
100.313
100.313
100.311
100.309
100.311
100.309
100.306
100.307
100.308
100.305
100.304
100.302
100.302
100.305
100.305
100.307
100.31
100.31
100.311
100.311
100.312
100.312
100.31
100.308
100.307
100.308
100.308
100.307
100.308
100.306
100.307
100.305
100.304
100.304
100.303
100.304
100.307
100.308
100.308
100.308
100.308
100.31
100.309
100.308
100.31
100.311
100.311
100.31
100.309
100.309
100.307
100.306
100.304
100.306
100.307
100.311
100.311
100.312
100.313
100.315
100.315
100.316
100.315
100.315
100.317
100.316
100.315
100.314
100.314
100.313
100.313
100.314
100.314
100.314
100.317
100.318
100.317
100.317
100.315
100.316
100.319
100.322
100.32
100.316
100.315
100.314
100.317
100.317
100.317
100.315
100.313
100.314
100.312
100.314
100.314
100.312
100.312
100.312
100.312
100.311
100.31
100.309
100.308
100.31
100.311
100.31
100.305
100.303
100.305
100.307
100.308
100.308
100.31
100.311
100.311
100.31
100.311
100.311
100.312
100.314
100.314
100.313
100.313
100.313
100.314
100.315
100.318
100.316
100.316
100.32
100.319
100.32
100.319
100.32
100.322
100.323
100.322
100.323
100.323
100.322
100.32
100.319
100.318
100.317
100.319
100.319
100.319
100.32
100.319
100.321
100.321
100.321
100.318
100.317
100.318
100.316
100.317
100.316
100.316
100.316
100.318
100.316
100.315
100.316
100.314
100.313
100.313
100.312
100.315
100.312
100.316
100.318
100.317
100.315
100.318
100.318
100.319
100.321
100.325
100.325
100.324
100.324
100.324
100.326
100.327
100.326
100.324
100.323
100.325
100.325
100.326
100.329
100.326
100.325
100.324
100.322
100.321
100.318
100.317
100.318
100.316
100.316
100.318
100.319
100.321
100.322
100.323
100.323
100.323
100.321
100.323
100.324
100.328
100.331
100.33
100.332
100.332
100.335
100.335
100.335
100.333
100.333
100.336
100.341
100.34
100.34
100.34
100.338
100.338
100.339
100.341
100.342
100.341
100.342
100.341
100.34
100.338
100.34
100.339
100.34
100.339
100.337
100.337
100.338
100.34
100.343
100.342
100.343
100.339
100.337
100.34
100.34
100.338
100.338
100.342
100.342
100.342
100.341
100.341
100.342
100.342
100.342
100.343
100.345
100.346
100.346
100.347
100.349
100.35
100.353
100.355
100.359
100.359
100.358
100.36
100.361
100.362
100.363
100.361
100.362
100.363
100.366
100.368
100.367
100.367
100.367
100.37
100.368
100.365
100.362
100.362
100.361
100.362
100.361
100.362
100.359
100.358
100.357
100.359
100.361
100.362
100.361
100.359
100.361
100.359
100.359
100.36
100.361
100.362
100.361
100.36
100.364
100.368
100.369
100.369
100.369
100.371
100.371
100.37
100.37
100.371
100.37
100.371
100.374
100.375
100.373
100.369
100.37
100.372
100.369
100.368
100.368
100.367
100.366
100.368
100.368
100.366
100.369
100.368
100.366
100.365
100.366
100.363
100.362
100.363
100.361
100.362
100.358
100.358
100.356
100.354
100.352
100.355
100.354
100.353
100.351
100.35
100.351
100.348
100.348
100.353
100.353
100.354
100.353
100.351
100.351
100.349
100.348
100.35
100.351
100.353
100.354
100.355
100.357
100.356
100.355
100.355
100.355
100.354
100.355
100.357
100.359
100.355
100.353
100.354
100.354
100.354
100.354
100.354
100.354
100.354
100.354
100.354
100.353
100.352
100.351
100.351
100.352
100.353
100.352
100.351
100.35
100.349
100.349
100.35
100.349
100.349
100.348
100.348
100.346
100.346
100.344
100.343
100.344
100.342
100.344
100.345
100.345
100.343
100.343
100.343
100.341
100.344
100.344
100.346
100.35
100.351
100.351
100.352
100.349
100.348
100.349
100.347
100.349
100.349
100.352
100.353
100.354
100.353
100.352
100.354
100.352
100.351
100.348
100.348
100.348
100.347
100.346
100.347
100.349
100.348
100.345
100.347
100.345
100.344
100.346
100.347
100.346
100.343
100.34
100.339
100.34
100.342
100.341
100.342
100.341
100.34
100.34
100.339
100.34
100.341
100.339
100.337
100.338
100.338
100.338
100.339
100.338
100.339
100.339
100.34
100.337
100.339
100.34
100.342
100.342
100.343
100.341
100.344
100.346
100.347
100.347
100.347
100.346
100.346
100.346
100.348
100.351
100.349
100.347
100.346
100.348
100.347
100.351
100.351
100.35
100.349
100.347
100.347
100.349
100.349
100.346
100.347
100.349
100.347
100.347
100.347
100.347
100.346
100.349
100.35
100.35
100.35
100.35
100.35
100.35
100.35
100.351
100.352
100.351
100.351
100.348
100.348
100.348
100.348
100.348
100.35
100.351
100.351
100.351
100.35
100.351
100.35
100.351
100.348
100.348
100.35
100.353
100.354
100.353
100.35
100.346
100.345
100.347
100.346
100.344
100.343
100.344
100.343
100.345
100.344
100.348
100.351
100.352
100.353
100.351
100.354
100.353
100.352
100.353
100.351
100.352
100.353
100.35
100.349
100.349
100.351
100.351
100.352
100.352
100.351
100.352
100.35
100.351
100.35
100.351
100.349
100.348
100.349
100.349
100.35
100.349
100.347
100.347
100.347
100.347
100.347
100.346
100.345
100.346
100.347
100.346
100.342
100.344
100.341
100.342
100.341
100.342
100.339
100.34
100.342
100.34
100.339
100.34
100.341
100.342
100.343
100.342
100.34
100.34
100.34
100.338
100.341
100.343
100.341
100.343
100.342
100.339
100.338
100.338
100.338
100.336
100.332
100.331
100.335
100.333
100.334
100.337
100.337
100.34
100.339
100.338
100.336
100.332
100.333
100.334
100.337
100.337
100.337
100.335
100.336
100.339
100.338
100.341
100.34
100.34
100.34
100.342
100.34
100.343
100.341
100.34
100.338
100.338
100.341
100.341
100.343
100.341
100.337
100.337
100.335
100.336
100.336
100.337
100.336
100.336
100.336
100.338
100.339
100.336
100.339
100.34
100.34
100.339
100.341
100.34
100.34
100.341
100.34
100.343
100.344
100.342
100.343
100.345
100.343
100.343
100.345
100.347
100.345
100.345
100.342
100.341
100.342
100.34
100.339
100.338
100.34
100.336
100.336
100.337
100.336
100.334
100.331
100.332
100.331
100.331
100.334
100.332
100.333
100.333
100.331
100.334
100.334
100.335
100.336
100.333
100.331
100.331
100.333
100.335
100.335
100.333
100.334
100.335
100.336
100.336
100.335
100.334
100.334
100.334
100.335
100.332
100.334
100.334
100.33
100.332
100.332
100.332
100.333
100.333
100.331
100.332
100.331
100.328
100.325
100.325
100.328
100.326
100.327
100.327
100.327
100.329
100.329
100.329
100.329
100.33
100.33
100.332
100.33
100.33
100.33
100.331
100.333
100.334
100.334
100.335
100.338
100.337
100.336
100.339
100.339
100.338
100.337
100.339
100.34
100.34
100.338
100.339
100.339
100.337
100.337
100.34
100.339
100.341
100.34
100.34
100.341
100.339
100.34
100.344
100.344
100.343
100.343
100.341
100.34
100.339
100.34
100.337
100.339
100.34
100.34
100.338
100.336
100.332
100.332
100.332
100.33
100.331
100.33
100.33
100.329
100.328
100.328
100.329
100.33
100.331
100.334
100.334
100.334
100.335
100.338
100.337
100.337
100.336
100.337
100.336
100.336
100.338
100.338
100.339
100.337
100.335
100.337
100.336
100.337
100.34
100.341
100.342
100.342
100.344
100.344
100.347
100.347
100.347
100.346
100.344
100.345
100.343
100.342
100.34
100.343
100.342
100.339
100.338
100.338
100.337
100.336
100.337
100.338
100.337
100.337
100.336
100.337
100.338
100.338
100.341
100.34
100.345
100.345
100.345
100.35
100.352
100.349
100.351
100.353
100.353
100.357
100.361
100.361
100.357
100.359
100.361
100.363
100.361
100.36
100.358
100.356
100.355
100.355
100.355
100.357
100.358
100.359
100.36
100.36
100.361
100.362
100.368
100.369
100.367
100.368
100.37
100.372
100.373
100.371
100.37
100.369
100.369
100.369
100.366
100.365
100.366
100.367
100.367
100.365
100.364
100.362
100.36
100.361
100.36
100.36
100.358
100.359
100.36
100.36
100.359
100.361
100.358
100.358
100.356
100.355
100.356
100.357
100.354
100.352
100.353
100.356
100.355
100.353
100.353
100.353
100.352
100.351
100.351
100.352
100.351
100.35
100.353
100.353
100.354
100.35
100.35
100.351
100.35
100.352
100.351
100.352
100.355
100.352
100.351
100.353
100.353
100.355
100.357
100.359
100.361
100.359
100.359
100.362
100.361
100.36
100.359
100.36
100.358
100.357
100.354
100.354
100.354
100.351
100.352
100.352
100.351
100.349
100.353
100.351
100.354
100.355
100.354
100.352
100.354
100.354
100.356
100.357
100.357
100.359
100.357
100.355
100.354
100.353
100.351
100.351
100.35
100.35
100.352
100.356
100.354
100.356
100.357
100.353
100.352
100.353
100.353
100.35
100.352
100.352
100.351
100.349
100.348
100.349
100.35
100.351
100.353
100.354
100.355
100.356
100.355
100.354
100.355
100.358
100.361
100.359
100.358
100.357
100.359
100.359
100.361
100.358
100.359
100.358
100.361
100.361
100.362
100.365
100.366
100.368
100.367
100.365
100.365
100.363
100.363
100.364
100.366
100.369
100.369
100.368
100.368
100.368
100.37
100.367
100.366
100.367
100.367
100.369
100.369
100.368
100.369
100.371
100.369
100.369
100.367
100.368
100.37
100.369
100.372
100.371
100.37
100.371
100.376
100.378
100.381
100.38
100.381
100.381
100.383
100.382
100.377
100.377
100.376
100.378
100.378
100.378
100.377
100.377
100.375
100.378
100.378
100.376
100.376
100.377
100.377
100.375
100.373
100.374
100.376
100.374
100.374
100.374
100.376
100.374
100.372
100.37
100.372
100.374
100.375
100.373
100.376
100.376
100.375
100.376
100.374
100.373
100.375
100.374
100.374
100.37
100.366
100.364
100.36
100.36
100.36
100.359
100.358
100.358
100.356
100.356
100.352
100.351
100.348
100.348
100.347
100.348
100.347
100.346
100.346
100.347
100.345
100.346
100.346
100.345
100.344
100.342
100.342
100.344
100.345
100.345
100.343
100.343
100.343
100.342
100.342
100.343
100.347
100.344
100.345
100.343
100.343
100.342
100.34
100.337
100.34
100.34
100.341
100.337
100.337
100.335
100.336
100.337
100.336
100.336
100.338
100.336
100.336
100.336
100.336
100.336
100.333
100.333
100.333
100.332
100.332
100.331
100.332
100.333
100.33
100.331
100.334
100.335
100.333
100.336
100.336
100.335
100.34
100.337
100.337
100.336
100.338
100.338
100.337
100.339
100.34
100.342
100.341
100.339
100.338
100.339
100.337
100.335
100.334
100.334
100.335
100.331
100.331
100.33
100.33
100.329
100.33
100.33
100.332
100.331
100.33
100.328
100.331
100.329
100.333
100.332
100.331
100.33
100.331
100.331
100.33
100.329
100.33
100.33
100.328
100.329
100.329
100.328
100.328
100.325
100.326
100.328
100.329
100.33
100.328
100.326
100.326
100.326
100.327
100.328
100.328
100.329
100.329
100.328
100.329
100.326
100.325
100.327
100.327
100.326
100.323
100.324
100.326
100.327
100.328
100.327
100.324
100.324
100.324
100.324
100.324
100.323
100.32
100.323
100.322
100.322
100.321
100.32
100.32
100.322
100.324
100.32
100.323
100.323
100.32
100.32
100.322
100.323
100.324
100.323
100.321
100.322
100.324
100.321
100.322
100.32
100.319
100.32
100.32
100.318
100.32
100.32
100.319
100.32
100.32
100.319
100.317
100.32
100.323
100.323
100.325
100.325
100.32
100.32
100.321
100.322
100.322
100.325
100.323
100.323
100.323
100.324
100.324
100.327
100.326
100.326
100.327
100.328
100.329
100.327
100.331
100.332
100.333
100.333
100.329
100.329
100.328
100.33
100.33
100.327
100.328
100.328
100.328
100.328
100.325
100.324
100.326
100.326
100.326
100.326
100.327
100.325
100.327
100.325
100.324
100.322
100.322
100.322
100.321
100.319
100.318
100.32
100.323
100.321
100.319
100.318
100.317
100.317
100.319
100.318
100.314
100.315
100.314
100.313
100.313
100.315
100.317
100.313
100.315
100.317
100.316
100.316
100.312
100.311
100.312
100.313
100.312
100.315
100.316
100.314
100.313
100.315
100.316
100.315
100.316
100.315
100.315
100.315
100.313
100.316
100.316
100.314
100.316
100.318
100.317
100.318
100.316
100.317
100.317
100.317
100.318
100.318
100.321
100.32
100.32
100.32
100.321
100.321
100.32
100.32
100.323
100.322
100.322
100.324
100.325
100.324
100.324
100.325
100.327
100.327
100.33
100.33
100.329
100.333
100.333
100.33
100.333
100.333
100.335
100.337
100.336
100.338
100.338
100.338
100.34
100.341
100.342
100.339
100.34
100.344
100.344
100.343
100.341
100.34
100.339
100.339
100.339
100.337
100.339
100.34
100.339
100.336
100.334
100.334
100.336
100.336
100.335
100.335
100.338
100.337
100.337
100.34
100.34
100.34
100.342
100.343
100.342
100.345
100.341
100.341
100.339
100.338
100.339
100.34
100.343
100.343
100.342
100.34
100.341
100.339
100.34
100.34
100.341
100.339
100.339
100.34
100.342
100.343
100.345
100.346
100.346
100.344
100.345
100.343
100.341
100.342
100.344
100.345
100.346
100.346
100.347
100.345
100.342
100.343
100.34
100.339
100.338
100.335
100.334
100.334
100.335
100.338
100.34
100.341
100.341
100.338
100.339
100.338
100.335
100.337
100.34
100.341
100.343
100.34
100.337
100.336
100.34
100.338
100.337
100.334
100.336
100.338
100.338
100.338
100.339
100.338
100.336
100.336
100.334
100.332
100.335
100.335
100.336
100.338
100.337
100.335
100.334
100.337
100.338
100.337
100.335
100.334
100.335
100.336
100.335
100.338
100.339
100.34
100.34
100.339
100.339
100.339
100.342
100.342
100.342
100.34
100.341
100.341
100.342
100.342
100.342
100.341
100.342
100.342
100.341
100.34
100.338
100.338
100.337
100.337
100.338
100.338
100.339
100.34
100.343
100.342
100.338
100.338
100.34
100.339
100.339
100.339
100.338
100.341
100.341
100.343
100.344
100.344
100.344
100.345
100.341
100.34
100.343
100.341
100.339
100.343
100.339
100.338
100.338
100.337
100.336
100.335
100.337
100.337
100.337
100.335
100.333
100.335
100.335
100.335
100.336
100.334
100.335
100.333
100.337
100.334
100.335
100.337
100.337
100.336
100.34
100.339
100.341
100.344
100.345
100.347
100.345
100.346
100.346
100.344
100.346
100.346
100.344
100.344
100.343
100.342
100.339
100.338
100.341
100.34
100.34
100.335
100.336
100.338
100.337
100.338
100.338
100.336
100.335
100.335
100.334
100.334
100.332
100.334
100.332
100.333
100.332
100.333
100.335
100.331
100.333
100.333
100.332
100.332
100.331
100.332
100.329
100.331
100.331
100.331
100.331
100.331
100.329
100.33
100.328
100.328
100.33
100.332
100.336
100.337
100.337
100.34
100.339
100.341
100.342
100.34
100.343
100.34
100.344
100.343
100.344
100.343
100.346
100.344
100.343
100.344
100.345
100.343
100.342
100.34
100.343
100.341
100.341
100.342
100.343
100.342
100.342
100.344
100.344
100.343
100.344
100.34
100.34
100.341
100.341
100.343
100.338
100.339
100.337
100.336
100.336
100.335
100.336
100.337
100.34
100.339
100.339
100.338
100.338
100.337
100.333
100.332
100.334
100.335
100.336
100.336
100.336
100.333
100.332
100.333
100.334
100.334
100.335
100.333
100.333
100.333
100.332
100.334
100.334
100.336
100.337
100.334
100.336
100.335
100.334
100.333
100.333
100.334
100.335
100.335
100.333
100.331
100.331
100.331
100.331
100.331
100.332
100.334
100.335
100.333
100.332
100.331
100.33
100.328
100.327
100.328
100.33
100.332
100.333
100.334
100.335
100.334
100.333
100.335
100.336
100.337
100.335
100.331
100.329
100.327
100.323
100.324
100.323
100.32
100.32
100.321
100.317
100.319
100.318
100.32
100.324
100.327
100.329
100.328
100.329
100.332
100.33
100.33
100.33
100.333
100.333
100.336
100.334
100.331
100.33
100.331
100.331
100.33
100.331
100.333
100.336
100.335
100.333
100.333
100.333
100.334
100.335
100.335
100.333
100.332
100.332
100.333
100.335
100.337
100.334
100.336
100.337
100.339
100.339
100.341
100.34
100.338
100.337
100.335
100.334
100.332
100.332
100.334
100.334
100.332
100.332
100.334
100.338
100.339
100.338
100.337
100.339
100.341
100.339
100.336
100.337
100.336
100.335
100.334
100.335
100.336
100.332
100.331
100.327
100.325
100.323
100.323
100.319
100.32
100.321
100.323
100.321
100.319
100.318
100.321
100.321
100.322
100.325
100.328
100.327
100.326
100.326
100.327
100.328
100.327
100.328
100.329
100.329
100.326
100.325
100.326
100.328
100.329
100.332
100.328
100.33
100.332
100.334
100.337
100.334
100.333
100.331
100.332
100.333
100.337
100.335
100.337
100.336
100.337
100.337
100.336
100.34
100.339
100.334
100.334
100.334
100.333
100.336
100.339
100.339
100.34
100.34
100.339
100.339
100.342
100.341
100.344
100.345
100.343
100.342
100.342
100.341
100.342
100.342
100.34
100.34
100.339
100.342
100.342
100.345
100.344
100.345
100.346
100.348
100.348
100.35
100.348
100.347
100.347
100.346
100.348
100.348
100.349
100.351
100.355
100.356
100.357
100.356
100.355
100.358
100.359
100.362
100.361
100.363
100.364
100.362
100.361
100.36
100.36
100.363
100.363
100.366
100.362
100.36
100.359
100.358
100.357
100.359
100.357
100.358
100.357
100.359
100.359
100.362
100.363
100.364
100.362
100.362
100.362
100.362
100.364
100.364
100.363
100.362
100.36
100.358
100.356
100.355
100.356
100.356
100.356
100.356
100.358
100.356
100.354
100.358
100.36
100.363
100.363
100.363
100.364
100.361
100.358
100.357
100.359
100.359
100.359
100.359
100.358
100.363
100.364
100.364
100.365
100.364
100.367
100.369
100.37
100.369
100.369
100.372
100.373
100.371
100.37
100.37
100.372
100.368
100.365
100.368
100.367
100.369
100.367
100.366
100.365
100.368
100.367
100.366
100.365
100.366
100.364
100.363
100.366
100.364
100.366
100.366
100.365
100.363
100.362
100.362
100.361
100.361
100.36
100.357
100.357
100.356
100.355
100.354
100.356
100.356
100.355
100.353
100.353
100.353
100.355
100.351
100.351
100.348
100.349
100.351
100.349
100.351
100.349
100.352
100.351
100.35
100.349
100.348
100.347
100.349
100.35
100.348
100.347
100.347
100.346
100.344
100.345
100.348
100.349
100.349
100.348
100.345
100.345
100.341
100.342
100.343
100.343
100.341
100.343
100.345
100.349
100.349
100.347
100.352
100.352
100.353
100.351
100.347
100.347
100.347
100.347
100.346
100.347
100.346
100.346
100.348
100.348
100.345
100.345
100.343
100.342
100.341
100.34
100.338
100.337
100.335
100.333
100.333
100.33
100.331
100.33
100.33
100.33
100.329
100.33
100.327
100.326
100.325
100.327
100.327
100.329
100.329
100.327
100.327
100.326
100.326
100.326
100.324
100.324
100.328
100.325
100.324
100.323
100.324
100.324
100.324
100.324
100.326
100.326
100.325
100.325
100.326
100.326
100.327
100.326
100.327
100.328
100.328
100.332
100.33
100.33
100.328
100.331
100.332
100.331
100.33
100.332
100.333
100.334
100.333
100.333
100.332
100.333
100.334
100.333
100.334
100.338
100.339
100.341
100.342
100.34
100.34
100.342
100.339
100.339
100.341
100.341
100.342
100.344
100.347
100.346
100.344
100.346
100.344
100.345
100.346
100.348
100.347
100.347
100.347
100.347
100.345
100.343
100.344
100.344
100.344
100.343
100.344
100.343
100.343
100.343
100.343
100.346
100.345
100.346
100.344
100.346
100.344
100.344
100.341
100.34
100.337
100.336
100.335
100.337
100.338
100.337
100.338
100.341
100.342
100.342
100.343
100.346
100.344
100.345
100.348
100.348
100.349
100.348
100.353
100.353
100.353
100.354
100.353
100.355
100.353
100.352
100.354
100.355
100.354
100.352
100.352
100.35
100.347
100.347
100.347
100.344
100.341
100.341
100.34
100.337
100.342
100.342
100.34
100.339
100.339
100.338
100.337
100.336
100.334
100.331
100.33
100.329
100.329
100.329
100.328
100.329
100.331
100.329
100.328
100.329
100.332
100.334
100.333
100.332
100.331
100.329
100.328
100.329
100.33
100.333
100.336
100.34
100.339
100.338
100.336
100.335
100.334
100.333
100.334
100.332
100.336
100.339
100.336
100.338
100.336
100.338
100.336
100.335
100.335
100.336
100.335
100.334
100.334
100.333
100.333
100.331
100.33
100.329
100.33
100.33
100.328
100.328
100.331
100.331
100.333
100.333
100.332
100.334
100.334
100.335
100.332
100.334
100.334
100.335
100.335
100.336
100.337
100.335
100.335
100.337
100.339
100.34
100.34
100.339
100.335
100.337
100.335
100.337
100.337
100.338
100.341
100.341
100.338
100.338
100.341
100.342
100.342
100.342
100.342
100.34
100.343
100.347
100.349
100.349
100.349
100.348
100.35
100.347
100.349
100.351
100.352
100.35
100.348
100.35
100.351
100.353
100.355
100.355
100.356
100.356
100.355
100.354
100.355
100.354
100.354
100.356
100.358
100.358
100.362
100.363
100.365
100.366
100.365
100.364
100.361
100.362
100.364
100.364
100.366
100.365
100.365
100.365
100.363
100.359
100.36
100.361
100.361
100.364
100.364
100.366
100.366
100.364
100.364
100.365
100.366
100.364
100.363
100.364
100.365
100.364
100.365
100.365
100.365
100.366
100.366
100.365
100.366
100.366
100.367
100.367
100.367
100.367
100.368
100.366
100.364
100.364
100.364
100.364
100.362
100.361
100.363
100.365
100.367
100.368
100.368
100.368
100.366
100.367
100.368
100.37
100.372
100.374
100.375
100.375
100.372
100.372
100.373
100.371
100.373
100.374
100.373
100.374
100.373
100.372
100.372
100.374
100.375
100.373
100.373
100.375
100.374
100.374
100.374
100.373
100.372
100.369
100.372
100.373
100.376
100.376
100.377
100.376
100.378
100.376
100.378
100.378
100.378
100.377
100.377
100.373
100.371
100.368
100.367
100.368
100.367
100.368
100.367
100.37
100.366
100.369
100.371
100.37
100.368
100.371
100.369
100.367
100.365
100.364
100.363
100.364
100.364
100.361
100.36
100.359
100.361
100.362
100.361
100.356
100.359
100.36
100.36
100.361
100.36
100.361
100.362
100.359
100.362
100.359
100.357
100.357
100.356
100.357
100.359
100.357
100.357
100.356
100.355
100.356
100.356
100.356
100.353
100.355
100.358
100.359
100.359
100.361
100.364
100.364
100.363
100.365
100.362
100.362
100.363
100.365
100.368
100.367
100.363
100.361
100.359
100.358
100.356
100.356
100.357
100.358
100.359
100.359
100.36
100.36
100.362
100.362
100.363
100.364
100.366
100.368
100.368
100.369
100.367
100.368
100.368
100.37
100.37
100.37
100.37
100.37
100.371
100.372
100.374
100.373
100.373
100.374
100.376
100.377
100.379
100.38
100.381
100.382
100.379
100.379
100.38
100.382
100.384
100.387
100.39
100.389
100.388
100.39
100.388
100.387
100.387
100.383
100.383
100.385
100.386
100.387
100.389
100.388
100.387
100.387
100.391
100.388
100.387
100.388
100.388
100.388
100.389
100.389
100.391
100.389
100.388
100.389
100.386
100.387
100.388
100.386
100.386
100.385
100.384
100.384
100.381
100.383
100.382
100.383
100.381
100.383
100.38
100.378
100.377
100.379
100.379
100.38
100.379
100.378
100.378
100.38
100.381
100.381
100.381
100.379
100.378
100.379
100.38
100.379
100.379
100.381
100.379
100.378
100.379
100.378
100.381
100.378
100.377
100.379
100.377
100.379
100.379
100.38
100.381
100.381
100.38
100.38
100.381
100.38
100.382
100.382
100.383
100.381
100.38
100.379
100.38
100.382
100.383
100.383
100.38
100.38
100.382
100.384
100.384
100.389
100.39
100.389
100.39
100.39
100.391
100.392
100.39
100.39
100.386
100.387
100.387
100.384
100.382
100.384
100.386
100.386
100.384
100.382
100.382
100.382
100.379
100.379
100.381
100.381
100.383
100.382
100.385
100.383
100.384
100.379
100.379
100.38
100.381
100.377
100.376
100.373
100.369
100.367
100.367
100.367
100.363
100.362
100.361
100.359
100.359
100.356
100.355
100.354
100.351
100.35
100.351
100.352
100.352
100.352
100.353
100.352
100.353
100.353
100.35
100.351
100.35
100.347
100.346
100.343
100.343
100.345
100.346
100.347
100.347
100.346
100.348
100.348
100.349
100.349
100.349
100.35
100.352
100.351
100.348
100.346
100.346
100.345
100.347
100.347
100.347
100.346
100.345
100.349
100.348
100.343
100.346
100.344
100.344
100.343
100.343
100.342
100.346
100.346
100.346
100.346
100.344
100.345
100.346
100.345
100.348
100.346
100.347
100.346
100.346
100.348
100.35
100.347
100.348
100.346
100.344
100.341
100.339
100.338
100.339
100.336
100.338
100.336
100.339
100.337
100.34
100.339
100.337
100.334
100.335
100.333
100.335
100.336
100.335
100.336
100.334
100.335
100.336
100.332
100.333
100.332
100.332
100.334
100.332
100.331
100.332
100.33
100.33
100.328
100.326
100.325
100.325
100.33
100.327
100.327
100.326
100.325
100.323
100.326
100.326
100.325
100.324
100.325
100.326
100.327
100.328
100.328
100.326
100.324
100.323
100.322
100.32
100.319
100.318
100.318
100.317
100.319
100.32
100.319
100.321
100.319
100.322
100.322
100.32
100.321
100.319
100.319
100.321
100.323
100.321
100.323
100.324
100.324
100.325
100.325
100.326
100.325
100.324
100.322
100.323
